8.7,2.2,4.0,2.5,3.6,1.2,0.25,0.3,0.65,0.7,
6.0,4.0,2.5,3.6,1.2,0.25,0.3,0.65,0.7,0.8,
12.0,6.0,4.0,3.6,1.2,0.25,0.3,0.65,0.7,0.12,
6.0,4.0,2.5,3.6,1.2,0.25,0.3,0.65,0.7,0.8,8.7,2.2,4.0,2.5,3.6,1.2,0.25,0.3,0.65,0.7,
6.0,4.0,2.5,3.6,1.2,0.25,0.3,0.65,0.7,0.8,
12.0,6.0,4.0,3.6,1.2,0.25,0.3,0.65,0.7,0.12,
6.0,4.0,2.5,3.6,1.2,0.25,0.3,0.65,0.7,0.8,8.7,2.2,4.0,2.5,3.6,1.2,0.25,0.3,0.65,0.7,
6.0,4.0,2.5,3.6,1.2,0.25,0.3,0.65,0.7,0.8,
12.0,6.0,4.0,3.6,1.2,0.25,0.3,0.65,0.7,0.12,
6.0,4.0,2.5,3.6,1.2,0.25,0.3,0.65,0.7,0.8,8.7,2.2,4.0,2.5,3.6,1.2,0.25,0.3,0.65,0.7,
6.0,4.0,2.5,3.6,1.2,0.25,0.3,0.65,0.7,0.8,
12.0,6.0,4.0,3.6,1.2,0.25,0.3,0.65,0.7,0.12,
6.0,4.0,2.5,3.6,1.2,0.25,0.3,0.65,0.7,0.8,8.7,2.2,4.0,2.5,3.6,1.2,0.25,0.3,0.65,0.7,
6.0,4.0,2.5,3.6,1.2,0.25,0.3,0.65,0.7,0.8,
12.0,6.0,4.0,3.6,1.2,0.25,0.3,0.65,0.7,0.12,
6.0,4.0,2.5,3.6,1.2,0.25,0.3,0.65,0.7,0.8,8.7,2.2,4.0,2.5,3.6,1.2,0.25,0.3,0.65,0.7,
6.0,4.0,2.5,3.6,1.2,0.25,0.3,0.65,0.7,0.8,
12.0,6.0,4.0,3.6,1.2,0.25,0.3,0.65,0.7,0.12,
6.0,4.0,2.5,3.6,1.2,0.25,0.3,0.65,0.7,0.8,8.7,2.2,4.0,2.5,3.6,1.2,0.25,0.3,0.65,0.7,
6.0,4.0,2.5,3.6,1.2,0.25,0.3,0.65,0.7,0.8,
12.0,6.0,4.0,3.6,1.2,0.25,0.3,0.65,0.7,0.12,
6.0,4.0,2.5,3.6,1.2,0.25,0.3,0.65,0.7,0.8,8.7,2.2,4.0,2.5,3.6,1.2,0.25,0.3,0.65,0.7,
6.0,4.0,2.5,3.6,1.2,0.25,0.3,0.65,0.7,0.8,
12.0,6.0,4.0,3.6,1.2,0.25,0.3,0.65,0.7,0.12,
6.0,4.0,2.5,3.6,1.2,0.25,0.3,0.65,0.7,0.8,8.7,2.2,4.0,2.5,3.6,1.2,0.25,0.3,0.65,0.7,
6.0,4.0,2.5,3.6,1.2,0.25,0.3,0.65,0.7,0.8,
12.0,6.0,4.0,3.6,1.2,0.25,0.3,0.65,0.7,0.12,
6.0,4.0,2.5,3.6,1.2,0.25,0.3,0.65,0.7,0.8,8.7,2.2,4.0,2.5,3.6,1.2,0.25,0.3,0.65,0.7,
6.0,4.0,2.5,3.6,1.2,0.25,0.3,0.65,0.7,0.8,
12.0,6.0,4.0,3.6,1.2,0.25,0.3,0.65,0.7,0.12,
6.0,4.0,2.5,3.6,1.2,0.25,0.3,0.65,0.7,0.8,8.7,2.2,4.0,2.5,3.6,1.2,0.25,0.3,0.65,0.7,
6.0,4.0,2.5,3.6,1.2,0.25,0.3,0.65,0.7,0.8,
12.0,6.0,4.0,3.6,1.2,0.25,0.3,0.65,0.7,0.12,
6.0,4.0,2.5,3.6,1.2,0.25,0.3,0.65,0.7,0.8,8.7,2.2,4.0,2.5,3.6,1.2,0.25,0.3,0.65,0.7,
6.0,4.0,2.5,3.6,1.2,0.25,0.3,0.65,0.7,0.8,
12.0,6.0,4.0,3.6,1.2,0.25,0.3,0.65,0.7,0.12,
6.0,4.0,2.5,3.6,1.2,0.25,0.3,0.65,0.7,0.8,8.7,2.2,4.0,2.5,3.6,1.2,0.25,0.3,0.65,0.7,
6.0,4.0,2.5,3.6,1.2,0.25,0.3,0.65,0.7,0.8,
12.0,6.0,4.0,3.6,1.2,0.25,0.3,0.65,0.7,0.12,
6.0,4.0,2.5,3.6,1.2,0.25,0.3,0.65,0.7,0.8
